100
2 3 2
1 1 1
2 1 2
3 2 3
80 8 80
43 10 43
100 9 100
36 8 36
3 37 3
9 1 9
2 2 2
27 2 27
2 59 2
45 9 45
100 6 100
34 4 34
2 45 2
15 7 15
60 8 60
73 5 73
24 13 24
84 1 84
61 6 61
68 4 68
100 2 100
14 7 14
1 6 1
1 57 1
12 15 12
91 2 91
12 12 12
4 29 4
34 7 34
28 11 28
43 6 43
9 12 9
16 14 16
1 81 1
9 18 9
55 3 55
100 3 100
52 6 52
45 1 45
2 7 2
65 5 65
7 18 7
2 4 2
4 3 4
16 2 16
28 10 28
10 11 10
10 5 10
4 4 4
3 20 3
96 4 96
1 29 1
45 6 45
68 8 68
1 3 1
3 4 3
3 3 3
4 2 4
21 4 21
25 4 25
4 1 4
1 100 1
51 8 51
53 10 53
40 11 40
53 1 53
100 1 100
77 8 77
2 30 2
33 1 33
100 4 100
95 4 95
77 2 77
10 18 10
93 7 93
18 3 18
86 1 86
1 2 1
1 92 1
92 6 92
38 7 38
1 13 1
23 10 23
7 15 7
52 10 52
24 10 24
6 22 6
1 4 1
37 2 37
33 2 33
26 4 26
10 17 10
42 5 42
3 1 3
33 11 33
3 36 3
