1000
138 844
21 197
19 295
178 719
79 836
71 755
97 394
27 244
150 606
181 730
282 565
137 275
219 439
317 635
321 643
1 1000
202 405
202 505
205 411
205 477
100 201
100 233
169 682
169 681
169 683
169 886
73 612
73 611
73 613
73 665
258 517
258 844
199 399
199 522
277 555
277 819
170 686
170 685
170 687
170 926
226 453
226 879
9 559
9 558
9 560
9 589
78 483
78 482
78 484
78 623
89 549
89 548
89 550
89 723
200 806
200 805
200 807
200 851
7 35
128 257
128 448
48 525
48 524
48 526
48 640
96 390
96 389
96 391
96 401
149 909
149 908
149 910
149 929
217 435
217 629
91 370
91 369
91 371
91 516
202 405
202 511
36 150
36 149
36 151
36 196
407 815
407 944
89 362
89 361
89 363
89 536
276 553
276 719
335 671
335 972
448 897
448 980
85 525
85 524
85 526
85 635
13 273
13 272
13 274
13 318
123 753
123 752
123 754
123 765
75 151
75 297
426 853
426 950
148 598
148 597
148 599
148 699
15 148
15 147
15 149
15 153
30 600
30 599
30 601
30 684
79 159
79 229
102 414
102 413
102 415
102 556
72 930
72 929
72 931
72 954
160 646
160 645
160 647
160 677
138 277
138 455
112 924
112 923
112 925
112 988
132 534
132 533
132 535
132 696
16 583
16 582
16 584
16 641
39 162
39 161
39 163
39 217
175 351
175 405
57 115
57 182
222 894
222 893
222 895
222 1000
23 153
23 152
23 154
23 192
91 756
91 755
91 757
91 878
165 331
165 341
111 916
111 915
111 917
111 957
29 189
201 403
201 522
255 511
255 882
281 563
281 962
236 473
236 930
105 868
105 867
105 869
105 874
51 210
51 209
51 211
51 214
28 847
28 846
28 848
28 850
287 575
287 729
253 507
253 695
138 558
138 557
138 559
138 681
348 697
348 999
198 798
198 797
198 799
198 801
304 609
304 663
286 573
286 797
123 753
123 752
123 754
123 890
155 311
155 536
255 511
255 751
404 809
404 1000
88 358
88 357
88 359
88 413
251 503
251 759
367 735
367 924
436 873
436 909
197 395
197 489
171 690
171 689
171 691
171 842
100 615
100 614
100 616
100 802
315 631
315 670
173 347
173 454
144 582
144 581
144 583
144 706
403 807
403 838
27 825
27 824
27 826
27 855
74 302
74 301
74 303
74 317
39 534
39 533
39 535
39 634
243 487
243 499
36 801
36 800
36 802
36 890
230 461
230 512
43 372
43 371
43 373
43 401
70 588
70 587
70 589
70 722
100 201
100 205
9 217
9 216
9 218
9 240
107 884
107 883
107 885
107 895
73 775
424 849
424 946
225 906
225 905
225 907
225 984
154 622
154 621
154 623
154 850
392 785
392 931
341 683
341 739
34 664
34 663
34 665
34 740
96 193
96 370
196 790
196 789
196 791
196 926
17 35
17 39
148 597
148 599
148 718
82 864
82 866
82 922
78 651
78 653
78 695
77 814
77 816
77 957
149 392
344 830
241 501
259 720
134 818
134 820
134 829
229 885
12 368
12 370
12 376
358 892
420 981
67 238
5 809
5 811
5 860
233 724
6 309
6 311
6 334
161 649
161 651
161 764
96 307
230 509
107 433
107 435
107 512
247 988
73 297
73 299
73 393
45 839
45 841
45 934
127 321
295 658
13 327
13 329
13 386
120 734
120 736
120 799
37 711
37 713
37 731
355 886
158 637
158 639
158 741
57 749
57 751
57 885
172 693
172 695
172 953
66 233
194 781
194 783
194 794
103 632
103 634
103 811
309 778
235 784
7 644
7 646
7 665
204 567
69 428
69 430
69 443
115 465
115 467
115 617
104 421
104 423
104 581
187 585
94 381
94 383
94 390
66 857
66 859
66 950
74 153
210 540
220 637
60 374
60 376
60 490
50 171
114 455
172 408
69 281
69 283
69 320
210 775
5 454
5 456
5 470
157 583
297 863
161 980
161 982
161 997
232 647
26 235
26 237
26 267
386 895
126 509
126 511
126 620
362 848
87 353
87 355
87 475
73 774
73 776
73 934
406 954
171 413
62 386
62 388
62 437
261 688
26 235
26 237
26 238
178 548
16 914
16 916
16 960
337 995
221 520
181 400
70 587
70 589
70 702
201 597
42 569
42 571
42 589
43 124
215 673
262 854
121 740
121 742
121 989
255 829
317 933
159 455
27 824
27 826
27 869
292 875
193 774
68 571
68 573
68 589
73 611
73 613
73 755
81 500
81 502
81 640
142 866
142 868
142 923
221 504
333 968
32 934
32 936
32 989
275 715
34 473
34 475
34 543
101 369
257 921
210 845
210 847
210 876
100 498
40 384
154 778
24 547
227 695
37 790
147 907
8 432
343 971
270 616
336 829
314 935
288 844
241 821
268 958
92 876
74 907
165 917
350 927
127 666
471 996
150 666
60 441
66 751
5 958
18 261
70 856
327 667
94 811
245 891
233 985
50 396
42 717
144 652
103 856
81 973
68 970
163 904
168 416
212 651
51 459
32 276
5 896
420 960
216 502
212 725
36 835
237 517
57 987
54 976
263 679
243 718
211 880
251 653
190 841
89 335
376 790
64 468
48 871
258 650
47 711
1 679
14 625
340 987
249 611
174 485
94 755
46 658
237 586
129 550
181 851
49 574
13 797
235 574
84 614
468 986
15 99
133 930
383 822
183 981
132 336
50 296
81 835
116 974
61 862
433 960
301 812
206 938
69 260
83 521
104 245
252 827
173 919
110 570
173 940
166 733
144 713
230 782
26 105
362 872
99 278
133 970
53 851
4 727
258 793
163 598
158 600
113 794
265 977
361 828
115 334
112 295
20 650
148 910
122 898
336 828
254 887
295 687
122 676
272 938
181 563
14 225
52 738
259 677
297 882
80 877
122 402
312 986
163 641
121 510
320 989
391 850
267 877
14 311
55 630
4 915
353 794
270 679
386 922
11 330
401 943
73 162
20 119
67 734
115 900
459 949
222 572
90 546
402 959
87 929
50 601
231 639
69 998
311 940
190 937
165 704
197 885
54 170
48 301
373 858
222 616
193 765
148 459
10 673
69 362
303 621
209 582
267 766
69 618
38 116
134 465
277 861
77 814
448 899
51 252
151 890
231 736
1 689
133 494
465 994
100 799
187 941
47 533
46 628
66 982
176 509
281 580
158 976
152 578
336 981
210 762
13 156
41 480
144 406
39 512
77 819
155 874
191 650
152 508
348 781
61 735
177 648
8 259
259 725
216 985
3 93
92 206
5 844
9 736
272 970
425 931
273 673
105 596
94 632
72 511
37 173
324 876
12 148
186 641
473 951
179 415
359 994
217 552
199 945
240 759
194 975
366 907
12 239
304 646
80 483
29 79
122 899
350 878
194 488
79 272
414 900
74 647
61 843
230 517
128 976
139 985
120 332
372 881
119 487
27 247
90 789
146 297
135 294
26 782
156 762
136 900
407 991
15 957
270 868
3 259
24 891
272 752
497 995
317 743
130 971
174 372
262 750
101 252
17 427
176 374
67 307
50 704
42 630
370 894
114 392
78 948
59 386
251 813
363 747
103 283
270 816
432 913
246 810
292 773
129 261
242 870
271 613
150 356
96 939
96 698
26 493
11 783
50 947
262 685
19 889
81 289
47 380
344 792
121 453
193 632
432 973
176 379
268 625
4 848
378 984
206 438
73 541
190 934
264 551
66 979
10 533
386 777
132 967
104 822
191 662
70 181
15 169
78 246
129 869
203 682
214 452
102 246
175 783
163 850
106 894
339 884
52 627
407 965
403 891
148 941
341 797
215 834
87 370
72 823
30 81
191 741
140 843
118 319
87 865
458 953
34 808
197 521
264 731
83 463
42 642
15 111
196 975
104 793
111 737
70 399
278 871
143 621
297 662
175 695
62 388
26 348
332 765
73 625
231 744
163 708
61 210
344 807
451 923
65 413
352 924
166 455
196 998
362 771
313 706
301 719
206 705
112 959
281 981
88 696
339 820
414 860
279 946
223 615
287 712
112 318
57 352
191 757
230 559
283 832
182 414
323 965
353 975
248 623
161 881
128 952
89 855
248 786
48 772
42 486
77 996
145 771
40 985
353 863
216 692
64 186
303 925
140 562
270 766
126 609
57 842
88 764
96 458
164 786
282 720
82 951
203 793
3 141
283 673
13 573
362 843
6 129
319 640
239 815
16 431
6 343
93 480
167 939
318 968
378 883
212 481
82 424
211 698
211 922
150 334
49 209
121 719
62 770
252 762
108 671
90 222
193 572
217 791
229 737
33 397
210 693
204 892
57 215
338 971
167 784
386 959
80 716
160 772
177 606
133 366
30 432
431 904
89 183
94 963
51 215
402 845
104 923
253 967
32 740
296 830
230 629
183 368
141 724
232 787
227 951
5 61
112 774
312 914
145 678
194 716
123 994
88 198
449 930
19 280
33 741
290 804
89 286
104 340
204 747
184 801
309 710
373 894
187 746
118 933
104 851
25 112
