50
10
0.739 0.361 0.118 0.588 0.613 0.790 0.345 0.378 0.916 0.941
0.815 0.109 0.840 0.462 0.849 0.924 0.454 0.445 0.538 0.529
5
0.68 0.24 0.05 0.62 0.92
0.70 0.19 0.32 0.22 0.08
10
0.46 0.14 0.19 0.82 0.66 0.73 0.12 0.08 0.38 0.94
0.98 0.76 0.42 0.93 0.01 0.29 0.68 0.87 0.88 0.44
7
0.56 0.14 0.79 0.92 0.32 0.42 0.66
0.55 0.93 0.25 0.45 0.69 0.35 0.96
4
0.11 0.24 0.95 0.47
0.50 0.55 0.68 0.03
7
0.45 0.14 0.83 0.24 0.90 0.97 0.34
0.21 0.48 0.86 0.66 0.62 0.69 0.72
2
0.5 0.8
0.3 0.7
10
0.17 0.75 0.14 0.86 0.58 0.39 0.69 0.42 0.92 0.56
0.64 0.33 0.89 0.28 0.31 0.36 0.06 0.72 0.94 0.61
10
0.53 0.47 0.03 0.23 0.48 0.29 0.39 0.15 0.26 0.40
0.63 0.61 0.90 0.95 0.77 0.69 0.60 0.94 0.71 0.92
6
0.47 0.27 0.53 0.18 0.06 0.24
0.65 0.86 0.57 0.82 0.67 0.84
1
0.1
0.7
9
0.62 0.22 0.65 0.99 0.81 0.35 0.96 0.75 0.66
0.76 0.84 0.01 0.38 0.24 0.56 0.90 0.51 0.71
7
0.35 0.33 0.24 0.37 0.65 0.10 0.52
0.88 0.72 0.81 0.83 0.78 0.89 0.75
10
0.20 0.06 0.31 0.37 0.16 0.02 0.29 0.35 0.04 0.10
0.47 0.61 0.84 0.76 0.63 0.73 0.71 0.88 0.67 0.65
2
0.54 0.92
0.71 0.62
10
0.82 0.44 0.90 0.03 0.21 0.08 0.74 0.59 0.69 0.51
0.31 0.38 0.56 0.64 0.95 0.18 0.46 0.85 0.26 0.97
10
0.70 0.24 0.41 0.59 0.39 0.17 0.52 0.93 0.63 0.07
0.30 0.83 0.22 0.74 0.50 0.28 0.33 0.54 0.98 0.72
10
0.04 0.85 0.38 0.73 0.69 0.23 0.92 0.42 0.81 0.46
0.88 0.54 0.08 0.15 0.27 0.77 0.96 0.12 0.35 0.65
3
0.09 0.18 0.55
0.64 0.91 0.82
1
0.3
0.8
10
0.74 0.20 0.48 0.80 0.91 0.89 0.59 0.72 0.54 0.63
0.37 0.46 0.30 0.28 0.22 0.65 0.35 0.39 0.33 0.61
10
0.66 0.28 0.79 0.58 0.53 0.81 0.72 0.04 0.09 0.85
0.57 0.60 0.89 0.49 0.26 0.36 0.11 0.98 0.32 0.94
10
0.574 0.122 0.243 0.009 0.965 0.983 0.861 0.313 0.035 0.183
0.304 0.209 0.957 0.130 0.513 0.670 0.843 0.748 0.826 0.635
10
0.43 0.22 0.02 0.42 0.38 0.29 0.23 0.05 0.09 0.15
0.85 0.72 0.94 0.97 0.88 0.58 0.54 0.65 0.63 0.75
10
0.73 0.15 0.79 0.60 0.56 0.65 0.23 0.69 0.40 0.19
0.42 0.50 0.31 0.75 0.46 0.29 0.71 0.85 0.02 0.12
8
0.13 0.22 0.33 0.94 0.39 0.76 0.55 0.96
0.09 0.43 0.46 0.03 0.18 0.73 0.72 0.67
10
0.29 0.51 0.11 0.99 0.45 0.10 0.39 0.84 0.01 0.96
0.74 0.86 0.54 0.12 0.26 0.31 0.05 0.89 0.15 0.36
10
0.67 0.51 0.04 0.36 0.93 0.18 0.76 0.16 0.87 0.05
0.85 0.69 0.38 0.35 0.55 0.47 0.64 0.56 0.84 0.20
4
0.81 0.03 0.59 0.14
0.16 0.62 0.65 0.24
10
0.76 0.67 0.91 0.86 0.78 0.69 0.65 0.64 0.59 0.79
0.17 0.33 0.09 0.27 0.47 0.32 0.08 0.56 0.36 0.05
10
0.06 0.66 0.03 0.34 0.94 0.19 0.59 0.53 0.91 0.78
0.38 0.25 0.44 0.88 0.22 0.62 0.28 0.50 0.69 0.72
6
0.54 0.49 0.08 0.33 0.03 0.36
0.85 0.72 0.74 0.69 0.90 0.97
10
0.41 0.56 0.13 0.08 0.87 0.46 0.79 0.64 0.31 0.33
0.28 0.62 0.92 0.85 0.74 0.44 0.38 0.49 0.03 0.23
8
0.83 0.08 0.58 0.92 0.20 0.02 0.30 0.25
0.68 0.43 0.23 0.82 0.05 0.85 0.98 0.47
6
0.44 0.75 0.51 0.86 0.90 0.81
0.41 0.24 0.37 0.20 0.03 0.07
10
0.63 0.80 0.49 0.44 0.83 0.54 0.10 0.22 0.07 0.37
0.02 0.17 0.41 0.34 0.46 0.95 0.90 0.32 0.20 0.88
10
0.90 0.83 0.38 0.07 0.14 0.45 0.17 0.59 0.66 0.41
0.72 0.62 0.55 0.03 0.69 0.10 0.24 0.31 0.28 0.93
2
0.7 0.8
0.6 0.3
10
0.08 0.13 0.45 0.50 0.16 0.39 0.34 0.37 0.26 0.47
0.68 0.95 0.87 0.79 0.76 0.71 0.66 0.82 0.53 0.61
4
0.50 0.27 0.05 0.36
0.95 0.18 0.55 0.86
7
0.26 0.61 0.30 0.65 0.13 0.09 0.35
0.48 0.74 0.96 0.39 0.04 0.70 0.87
10
0.27 0.07 0.32 0.59 0.90 0.87 0.99 0.34 0.33 0.91
0.84 0.12 0.63 0.98 0.02 0.05 0.46 0.09 0.21 0.20
10
0.956 0.673 0.965 0.876 0.796 0.929 0.805 0.779 0.761 0.770
0.460 0.248 0.655 0.593 0.274 0.584 0.221 0.619 0.088 0.310
10
0.36 0.21 0.74 0.02 0.98 0.05 0.67 0.57 0.71 0.83
0.81 0.43 0.93 0.88 0.19 0.76 0.52 0.69 0.14 0.79
10
0.88 0.73 0.99 0.90 0.62 0.84 0.49 0.64 0.74 0.85
0.28 0.33 0.31 0.41 0.17 0.37 0.48 0.47 0.20 0.05
10
0.23 0.27 0.95 0.32 0.91 0.36 0.14 0.18 0.09 0.64
0.59 0.86 0.05 0.50 0.73 0.45 0.55 0.82 0.77 0.68
10
0.72 0.01 0.44 0.48 0.47 0.59 0.80 0.87 0.09 0.25
0.53 0.55 0.12 0.86 0.92 0.28 0.06 0.64 0.29 0.98
10
0.568 0.856 0.788 0.780 0.610 0.602 0.619 0.992 0.983 0.873
0.237 0.102 0.390 0.280 0.483 0.449 0.017 0.263 0.525 0.475
10
0.29 0.27 0.78 0.94 0.44 0.21 0.05 0.16 0.09 0.33
0.84 0.55 0.23 0.49 0.71 0.73 0.43 0.34 0.56 0.69
10
0.667 0.471 0.824 0.539 0.647 0.912 0.951 0.422 0.627 0.588
0.314 0.373 0.294 0.235 0.392 0.255 0.402 0.059 0.225 0.333
