25
1 2
2
2 0
2 1 2
2 9
13 13
13 0
13 1 13
13 2 13 13
13 1 13
13 1 13
13 1 13
13 0
13 1 13
13 0
2 20
2 3
2 0
2 1 2
2 2 1 3
3 0
3 0
2 0
3 1 1
1 1 1
2 1 2
1 1 2
2 1 1
3 0
2 1 1
1 0
2 0
3 2 3 2
1 1 3
1 2 2 3
3 4 2 2 1 3
3 1 3
2 20
4 1
1 0
1 2 3 2
1 0
1 4 1 3 1 2
3 1 3
4 2 4 3
1 2 3 2
4 0
2 1 3
3 2 1 4
3 2 1 3
4 2 2 2
2 2 2 2
4 4 1 3 2 3
1 4 1 3 4 1
2 1 3
4 3 1 2 4
4 1 4
1 0
4 2 3 4
2 15
1 1
1 1 1
2 0
1 0
3 2 3 2
2 1 1
1 1 1
3 3 2 3 2
1 1 3
3 1 3
1 1 3
1 1 2
2 0
3 3 1 2 3
3 1 2
1 2 3 3
2 13
2 2
2 0
2 0
2 0
2 1 2
2 3 2 2 2
2 1 2
2 2 2 2
2 0
2 1 2
2 1 2
2 0
2 0
2 1 2
2 20
10 9
12 1 5
10 1 12
7 2 13 10
16 1 7
3 1 16
20 2 20 3
1 1 20
15 3 1 1 4
17 1 15
2 1 17
18 1 2
19 1 18
14 1 19
6 1 14
5 2 6 6
11 2 11 5
13 2 20 11
8 1 13
4 1 8
9 2 8 4
3 20
1 1 1
2 1 2
3 1 3
2 2 2 1
1 2 2 1
3 2 1 1
3 0
3 2 2 2
3 1 1
2 2 2 1
3 0
1 1 3
1 2 2 1
2 1 3
2 2 1 2
1 3 1 2 1
2 0
3 3 3 3 3
1 0
1 2 3 2
3 0
3 5
2 1 2
2 1 1
2 1 1
2 2 2 1
1 1 2
2 1 1
5 10
1 3 1 6 4
6 5 1 1 1 4 4
5 3 2 2 2
1 3 3 2 2
5 1 1
4 6 2 1 4 1 4 6
4 4 1 3 1 5
2 2 1 1
3 6 3 2 2 6 1 4
6 2 6 2
3 3 6 2 6
23 5
3 2 4 4 4 2 4 3 2 3 3 2 2 1 4 4 2 4 3 1 1 1 1
2 1 1
4 0
1 3 3 2 3
4 2 1 1
3 0
1 1
2
1 1 1
4 20
2 2 3 3
2 4 2 3 1 2
4 1 3
3 2 4 4
4 0
1 1 1
3 0
2 0
3 2 3 4
2 2 4 2
3 1 1
3 1 4
3 0
3 1 4
2 0
3 1 4
4 2 3 1
4 0
4 1 1
2 4 3 2 2 2
1 1 2
1 1
2
2 0
2 20
2 3
3 1 3
2 1 1
2 1 3
2 2 1 2
1 0
2 2 2 1
1 2 2 2
1 1 2
1 2 1 1
1 0
3 0
1 2 1 3
3 0
2 1 3
2 4 1 2 2 1
2 2 3 2
2 2 3 2
1 1 2
1 0
1 2 2 2
1 1
2
1 3 1 2 3
4 20
11 12 12 7
2 1 16
3 3 17 6 19
16 2 10 9
13 1 14
14 2 3 11
5 1 13
17 1 5
18 2 11 10
20 1 17
9 2 17 20
4 1 15
19 2 16 1
6 2 6 12
8 2 16 4
10 4 10 18 2 8
7 1 18
11 2 1 19
1 1 6
15 3 8 3 4
12 2 13 2
20 15
1 1 5 2 2 1 2 3 4 5 5 1 4 3 4 1 2 5 5 1
5 2 4 5
1 3 5 5 4
1 1 1
1 2 1 5
1 3 3 5 1
4 1 4
4 1 4
3 1 1
4 0
4 0
1 2 1 5
4 1 3
5 2 1 1
5 1 5
5 0
2 15
3 3
1 1 1
3 0
3 1 1
3 3 1 1 2
1 1 3
3 3 3 1 3
3 2 3 2
3 0
1 1 2
3 0
2 1 2
2 1 3
2 0
1 2 3 2
3 0
1 1
2
2 3 1 2 3
3 10
1 1 1
2 0
2 3 1 1 1
1 2 2 1
1 2 2 2
2 1 2
2 0
1 0
2 2 1 2
1 3 1 2 2
2 1 2
3 19
1 1 1
1 0
1 0
1 0
1 0
1 0
1 0
1 1 1
1 1 1
1 1 1
1 1 1
1 1 1
1 1 1
1 1 1
1 1 1
1 1 1
1 2 1 1
1 2 1 1
1 2 1 1
1 2 1 1
10 20
1 2 3 4 5 6 7 8 9 10
7 1 7
2 1 2
6 1 6
2 0
5 1 5
1 1 1
9 0
1 0
3 1 3
4 0
7 0
6 0
9 1 9
10 0
5 0
10 1 10
8 0
4 1 4
8 1 8
3 0
1 4
1
1 0
1 2 1 3
2 0
3 1 2
3 3
1 1 1
1 0
1 0
1 0
